-44.674567 -58.361843 -31.333271
-42.623511 -60.884995 -136.26471
-54.181841 -65.31164 -121.355809
-63.911147 -39.199008 -123.106247
-20.049652 -40.641298 -79.164173
-32.418203 -32.326386 -122.039506
-37.374279 -20.494473 -63.517497
-31.938278 -31.548215 -3.659798
-89.545115 -74.729255 -81.329494
-92.656377 -59.833787 -115.576065
-90.734514 -83.150604 -39.416075
-74.018354 -90.028745 -127.544601
-72.931879 -71.363612 -62.834556
-68.633919 -72.648066 -105.326904
-70.394262 -68.992669 -81.128192
-72.075539 -68.417904 -70.433564
-62.237915 -66.566918 -88.911458
-62.959523 -63.155916 -169.066277
-65.22199 -58.769333 -71.221899
-62.793267 -60.75037 -65.063588
-53.573938 -56.346778 -42.281492
-53.103978 -55.713988 -65.462956
-54.816698 -53.175258 -73.965285
-55.149134 -49.664619 -51.615977
-41.736966 -45.22389 -167.749395
-43.941198 -42.627095 -172.345914
-45.032899 -38.347688 -92.462402
-42.02191 -44.846466 -38.163011
-34.358924 -36.69485 -31.4576
-35.216605 -36.479591 -41.389899
-36.699136 -34.478214 -41.652808
-37.317449 -34.950883 -36.984975
-28.088976 -29.940652 -137.063045
-30.6925 -29.407715 -156.570028
-29.651068 -26.779466 -42.956147
-28.444801 -26.489452 -26.12666
-25.579617 -25.631647 -147.803175
-26.039218 -25.778105 -27.78554
-25.061719 -25.385658 -32.175244
-26.842351 -25.382156 -26.295337
-24.38043 -24.694406 -100.311445
-24.62457 -25.221814 -83.994652
-25.306311 -26.856384 -166.669511
-26.054035 -51.504715 -19.067308
-6.241189 -3.78 -140.13422
-4.95 -3.4272 -104.423905
-4.01688 -5.632269 -2.70696
-4.678194 -4.8744 -144.809167
0.0 0.0 -4.1688
-1.2 -1.2 0.0
-1.68 -1.2 -1.3896
-1.2 0.0 0.0
165.258564 -1.26 -1.68
39.004362 -0.6 -74.887709
-1.164 -0.84 171.750733
62.906324 71.392108 220.939689
-70.952301 -73.129342 -55.646082
-74.784755 -73.819647 -72.22971
-73.252075 -76.516986 -166.029595
-75.119782 -65.751577 -141.669725
-54.111197 -54.484219 -35.556538
-55.849697 -54.022401 -43.181984
-54.420656 -51.302821 -164.351794
-56.137533 -42.637461 -169.46888
-32.638838 -30.206661 -62.938888
-30.544616 -28.838277 -31.068845
-30.002592 -30.576282 -122.603576
-32.785677 -32.313389 -145.906513
-3.66309 -36.195879 -99.62417
-31.551077 -24.323865 -20.914192
-27.481136 -8.625782 -109.379185
-17.645751 -18.761042 20.949008
-6.463745 -9.142623 -126.23804
-6.545242 -12.734217 -61.006186
-13.231661 -4.585286 -124.253684
-9.790527 -5.731387 42.045478
14.966795 16.288827 -132.618072
19.316179 14.626972 -80.382782
4.74372 12.589202 -111.690761
10.408826 10.528644 65.081097
46.621597 17.782082 -141.481977
17.236299 19.408244 -44.166554
17.776366 21.520806 -12.693498
20.432689 15.655924 91.189442
28.910589 34.42924 163.344545
90.967486 24.665549 29.291233
26.286267 27.176567 -119.809427
23.493107 110.16055 -121.78786
101.015506 105.049967 205.028118
103.011051 57.392249 -54.366425
149.739293 -3.99905 -62.265578
87.469941 98.616889 -140.581441
240.12337 159.070877 61.672828
186.239857 141.97586 -134.229551
121.190962 186.521758 54.527363
142.300728 159.522424 271.100862
